0 20 30 34 10 105 94 16 104 19 4 109 80 106 90 75 7 89 88 9 1 112 64 119 95 59 107 91 124 55 2 71 70 69 3 114 48 61 99 43 57 110 76 39 108 92 72 121 36 52 51 50 49 86 102 29 101 40 81 25 79 37 96 123 22 93 73 122 115 33 32 31 46 66 85 15 42 83 113 60 12 58 111 77 118 74 53 116 18 17 14 27 45 65 6 24 62 100 120 38 97 56 54 117 8 5 13 26 44 11 41 82 21 78 35 68 87 103 84 23 98 47 67 63 28 
4 1 60 64 0 65 48 40 120 43 20 69 34 66 44 29 23 113 112 25 10 121 94 89 49 19 67 45 114 15 11 101 100 99 12 123 80 91 115 75 17 70 30 9 68 46 26 102 6 84 83 82 81 110 118 59 117 72 105 55 33 7 50 104 3 47 27 103 85 63 62 61 78 96 109 39 74 107 122 90 36 18 71 31 88 28 13 86 42 41 38 57 77 95 22 54 92 116 124 8 51 16 14 87 24 21 37 56 76 35 73 106 2 32 5 98 111 119 108 53 52 79 97 93 58 
7 107 2 71 57 108 92 0 52 51 101 79 37 20 93 73 30 34 33 32 46 42 83 10 58 111 105 94 74 53 16 104 19 18 17 14 27 4 24 62 109 80 38 97 106 90 75 54 117 89 88 9 8 1 5 13 112 64 11 41 119 95 59 21 78 91 124 55 35 70 69 3 114 48 68 87 61 99 43 84 23 110 76 39 98 72 121 36 50 49 86 102 29 47 67 40 81 25 63 96 123 22 122 115 31 66 85 15 28 113 60 12 77 118 116 45 65 6 100 120 56 26 44 82 103 
9 55 69 3 39 121 36 50 49 0 25 123 22 122 115 20 32 31 30 34 15 60 12 77 118 10 53 116 105 94 18 17 16 104 19 65 6 100 120 4 97 56 109 80 54 117 106 90 75 8 7 89 88 26 44 1 41 82 112 64 21 78 119 95 59 35 107 91 124 2 71 70 87 103 114 48 84 23 61 99 43 98 57 110 76 108 92 72 52 51 47 67 86 102 29 63 101 40 81 79 37 96 93 73 33 28 46 66 85 42 83 113 58 111 74 14 27 45 24 62 38 5 13 11 68 
20 10 90 94 4 95 80 72 124 75 1 99 64 96 76 59 53 122 121 55 0 102 48 113 81 43 97 77 123 39 35 117 116 115 36 104 34 45 85 29 41 100 60 25 98 78 56 118 22 108 107 106 105 70 88 19 87 26 65 15 63 23 82 120 12 79 57 119 109 93 92 91 32 50 69 9 28 67 103 44 6 42 101 61 112 58 37 110 74 73 8 17 31 49 3 14 46 86 114 24 83 40 38 111 54 2 7 16 30 5 27 66 11 62 21 52 71 89 68 13 84 33 51 47 18 
41 87 24 23 32 5 67 12 11 101 53 52 17 6 68 46 81 4 84 83 97 93 117 3 33 7 85 1 47 27 61 60 64 63 62 58 78 36 74 107 88 0 18 71 86 65 48 28 13 40 120 43 42 22 38 57 124 20 54 92 16 69 34 8 51 66 44 29 14 113 112 25 76 10 21 37 106 121 94 35 73 89 49 19 2 45 114 15 100 99 119 123 80 98 111 91 115 75 108 70 30 9 26 102 82 110 118 59 79 72 105 55 50 104 103 96 109 39 122 90 31 77 95 116 56 
25 15 99 12 9 102 6 82 81 4 55 104 3 103 85 1 62 61 60 64 39 90 36 31 88 0 13 86 65 48 42 41 40 120 43 95 22 116 124 20 51 16 69 34 14 87 66 44 29 24 23 113 112 56 76 10 73 106 121 94 2 32 89 49 19 5 67 45 114 11 101 100 111 119 123 80 108 53 91 115 75 52 17 70 30 68 46 26 84 83 79 97 110 118 59 93 117 72 105 33 7 50 47 27 63 58 78 96 109 74 107 122 18 71 28 38 57 77 54 92 8 21 37 35 98 
30 105 16 104 109 106 90 7 89 88 112 119 95 107 91 124 2 71 70 69 114 61 99 57 110 76 108 92 72 121 0 52 51 50 49 86 102 101 40 81 79 37 96 123 20 93 73 122 115 34 33 32 31 46 66 85 42 83 113 60 10 58 111 77 118 94 74 53 116 19 18 17 14 27 45 65 4 24 62 100 120 80 38 97 56 75 54 117 9 8 1 5 13 26 44 64 11 41 82 59 21 78 55 35 3 48 68 87 103 43 84 23 39 98 36 29 47 67 25 63 22 15 28 12 6 
32 53 18 17 97 54 117 9 8 7 41 21 78 55 35 107 69 3 2 71 87 84 23 39 98 57 121 36 108 92 50 49 0 52 51 47 67 25 63 101 123 22 79 37 122 115 20 93 73 31 30 34 33 15 28 46 60 12 42 83 77 118 10 58 111 116 105 94 74 16 104 19 65 6 14 27 100 120 4 24 62 56 109 80 38 106 90 75 89 88 26 44 1 5 13 82 112 64 11 119 95 59 91 124 70 103 114 48 68 61 99 43 110 76 72 86 102 29 40 81 96 66 85 113 45 
34 94 104 19 80 90 75 89 88 9 64 95 59 91 124 55 71 70 69 3 48 99 43 110 76 39 92 72 121 36 52 51 50 49 0 102 29 40 81 25 37 96 123 22 93 73 122 115 20 33 32 31 30 66 85 15 83 113 60 12 58 111 77 118 10 74 53 116 105 18 17 16 27 45 65 6 24 62 100 120 4 38 97 56 109 54 117 106 8 7 5 13 26 44 1 11 41 82 112 21 78 119 35 107 2 68 87 103 114 84 23 61 98 57 108 47 67 86 63 101 79 28 46 42 14 
1 0 44 48 20 49 34 26 114 29 10 115 94 50 30 19 13 103 102 15 4 118 80 122 105 75 51 31 104 9 5 87 86 85 6 120 64 77 109 59 73 116 90 55 52 32 16 88 3 68 67 66 65 100 112 43 111 56 95 39 93 53 106 124 36 33 17 89 69 47 46 45 62 82 99 25 58 97 119 76 22 74 117 91 121 18 7 70 28 27 24 41 61 81 12 38 78 110 123 54 107 72 8 71 14 11 23 40 60 21 57 96 35 92 2 84 101 113 98 37 108 63 83 79 42 
92 37 74 73 83 38 111 55 54 53 27 11 62 39 21 97 115 36 35 117 71 68 13 25 84 41 118 22 98 78 106 105 20 108 107 33 51 15 47 87 120 12 63 23 119 109 10 79 57 91 90 94 93 9 18 32 44 6 28 67 61 112 4 42 101 110 95 80 58 72 124 75 49 3 8 17 86 114 1 14 46 40 99 64 24 96 76 59 122 121 16 30 0 2 7 66 102 48 5 113 81 43 77 123 116 89 104 34 52 45 85 29 100 60 56 70 88 19 26 65 82 50 69 103 31 
55 39 115 36 25 118 22 106 105 20 15 120 12 119 109 10 92 91 90 94 9 44 6 61 112 4 37 110 95 80 74 73 72 124 75 49 3 86 114 1 83 40 99 64 38 111 96 76 59 54 53 122 121 16 30 0 27 66 102 48 11 62 113 81 43 21 97 77 123 35 117 116 71 89 104 34 68 13 45 85 29 84 41 100 60 98 78 56 108 107 33 51 70 88 19 47 87 26 65 63 23 82 79 57 93 18 32 50 69 28 67 103 42 101 58 8 17 31 14 46 24 2 7 5 52 
99 102 82 81 104 103 85 62 61 60 90 31 88 13 86 65 42 41 40 120 95 116 124 51 16 69 14 87 66 44 25 24 23 113 112 56 76 73 106 121 2 32 89 49 15 5 67 45 114 12 11 101 100 111 119 123 108 53 91 115 9 52 17 70 30 6 68 46 26 4 84 83 79 97 110 118 55 93 117 72 105 3 33 7 50 1 47 27 64 63 39 58 78 96 109 36 74 107 122 0 18 71 48 28 43 22 38 57 77 20 54 92 34 8 29 10 21 37 94 35 19 80 98 75 59 
83 27 63 62 71 28 13 43 42 41 92 8 51 29 14 87 112 25 24 23 37 35 73 19 2 32 114 15 5 67 100 99 12 11 101 98 111 75 108 53 30 9 52 17 26 102 6 68 46 82 81 4 84 59 79 97 105 55 93 117 50 104 3 33 7 103 85 1 47 61 60 64 109 39 58 78 122 90 36 74 107 31 88 0 18 86 65 48 40 120 77 95 22 38 57 116 124 20 54 16 69 34 66 44 113 56 76 10 21 106 121 94 89 49 45 119 123 80 91 115 70 110 118 72 96 
64 48 120 43 34 44 29 113 112 25 94 49 19 45 114 15 101 100 99 12 80 115 75 70 30 9 46 26 102 6 84 83 82 81 4 118 59 72 105 55 7 50 104 3 47 27 103 85 1 63 62 61 60 96 109 39 107 122 90 36 18 71 31 88 0 28 13 86 65 42 41 40 57 77 95 22 54 92 116 124 20 8 51 16 69 14 87 66 24 23 21 37 56 76 10 35 73 106 121 2 32 89 5 67 11 98 111 119 123 108 53 91 52 17 68 79 97 110 93 117 33 58 78 74 38 
2 108 0 52 79 20 93 30 34 33 42 10 58 105 94 74 16 104 19 18 14 4 24 109 80 38 106 90 75 54 7 89 88 9 8 1 5 112 64 11 119 95 59 21 107 91 124 55 35 71 70 69 3 114 48 68 61 99 43 84 57 110 76 39 98 92 72 121 36 51 50 49 86 102 29 47 101 40 81 25 63 37 96 123 22 73 122 115 32 31 46 66 85 15 28 83 113 60 12 111 77 118 53 116 17 27 45 65 6 62 100 120 97 56 117 13 26 44 41 82 78 87 103 23 67 
69 121 50 49 123 122 115 32 31 30 60 77 118 53 116 105 18 17 16 104 65 100 120 97 56 109 54 117 106 90 9 8 7 89 88 26 44 41 82 112 21 78 119 95 55 35 107 91 124 3 2 71 70 87 103 114 84 23 61 99 39 98 57 110 76 36 108 92 72 0 52 51 47 67 86 102 25 63 101 40 81 22 79 37 96 20 93 73 34 33 15 28 46 66 85 12 42 83 113 10 58 111 94 74 19 6 14 27 45 4 24 62 80 38 75 1 5 13 64 11 59 48 68 43 29 
71 92 52 51 37 93 73 34 33 32 83 58 111 94 74 53 104 19 18 17 27 24 62 80 38 97 90 75 54 117 89 88 9 8 7 5 13 64 11 41 95 59 21 78 91 124 55 35 107 70 69 3 2 48 68 87 99 43 84 23 110 76 39 98 57 72 121 36 108 50 49 0 102 29 47 67 40 81 25 63 101 96 123 22 79 122 115 20 31 30 66 85 15 28 46 113 60 12 42 77 118 10 116 105 16 45 65 6 14 100 120 4 56 109 106 26 44 1 82 112 119 103 114 61 86 
3 36 49 0 22 115 20 31 30 34 12 118 10 116 105 94 17 16 104 19 6 120 4 56 109 80 117 106 90 75 8 7 89 88 9 44 1 82 112 64 78 119 95 59 35 107 91 124 55 2 71 70 69 103 114 48 23 61 99 43 98 57 110 76 39 108 92 72 121 52 51 50 67 86 102 29 63 101 40 81 25 79 37 96 123 93 73 122 33 32 28 46 66 85 15 42 83 113 60 58 111 77 74 53 18 14 27 45 65 24 62 100 38 97 54 5 13 26 11 41 21 68 87 84 47 
10 4 76 80 1 81 64 56 123 59 0 85 48 82 60 43 37 119 118 39 20 88 34 103 65 29 83 61 120 25 21 111 110 109 22 124 94 31 69 19 27 86 44 15 84 62 40 112 12 98 97 96 95 116 121 75 71 16 49 9 47 13 66 114 6 63 41 113 99 79 78 77 92 106 115 55 18 51 89 30 3 28 87 45 102 42 23 100 58 57 54 73 91 105 36 8 32 70 104 14 67 26 24 101 38 35 53 72 90 2 17 50 5 46 11 108 117 122 52 7 68 93 107 33 74 
67 17 47 46 117 18 7 29 28 27 78 54 107 19 8 71 102 15 14 13 23 21 57 75 35 92 104 9 2 51 86 85 6 5 87 84 101 59 98 37 90 55 108 73 16 88 3 52 32 66 65 1 68 43 63 83 95 39 79 111 106 124 36 93 53 89 69 0 33 45 44 48 99 25 42 62 119 76 22 58 97 91 121 20 74 70 49 34 26 114 61 81 12 24 41 110 123 10 38 72 115 94 50 30 103 40 60 4 11 96 118 80 122 105 31 113 120 64 77 109 116 100 112 56 82 
15 9 85 6 55 88 3 66 65 1 39 124 36 89 69 0 46 45 44 48 25 76 22 91 121 20 7 70 49 34 28 27 26 114 29 81 12 110 123 10 107 72 115 94 8 71 50 30 19 14 13 103 102 40 60 4 57 96 118 80 35 92 122 105 75 2 51 31 104 5 87 86 101 113 120 64 98 37 77 109 59 108 73 116 90 52 32 16 68 67 63 83 100 112 43 79 111 56 95 93 53 106 33 17 47 42 62 82 99 58 97 119 74 117 18 24 41 61 38 78 54 11 23 21 84 
124 76 122 121 81 77 123 117 116 115 85 100 60 78 56 118 108 107 106 105 88 26 65 23 82 120 79 57 119 109 94 93 92 91 90 50 69 67 103 44 42 101 61 112 80 58 37 110 95 75 74 73 72 17 31 49 14 46 86 114 64 24 83 40 99 59 38 111 96 55 54 53 2 7 16 30 48 5 27 66 102 43 11 62 113 39 21 97 36 35 34 52 71 89 104 29 68 13 45 25 84 41 22 98 20 19 33 51 70 15 47 87 12 63 10 9 18 32 6 28 4 3 8 1 0 
117 78 108 107 23 79 57 94 93 92 67 42 101 80 58 37 124 75 74 73 17 14 46 64 24 83 76 59 38 111 122 121 55 54 53 2 7 48 5 27 81 43 11 62 77 123 39 21 97 116 115 36 35 34 52 71 85 29 68 13 100 60 25 84 41 56 118 22 98 106 105 20 88 19 33 51 26 65 15 47 87 82 120 12 63 119 109 10 91 90 50 69 9 18 32 103 44 6 28 61 112 4 110 95 72 31 49 3 8 86 114 1 40 99 96 16 30 0 66 102 113 89 104 45 70 
94 80 124 75 64 76 59 122 121 55 48 81 43 77 123 39 117 116 115 36 34 85 29 100 60 25 78 56 118 22 108 107 106 105 20 88 19 26 65 15 23 82 120 12 79 57 119 109 10 93 92 91 90 50 69 9 67 103 44 6 42 101 61 112 4 58 37 110 95 74 73 72 17 31 49 3 14 46 86 114 1 24 83 40 99 38 111 96 54 53 2 7 16 30 0 5 27 66 102 11 62 113 21 97 35 52 71 89 104 68 13 45 84 41 98 33 51 70 47 87 63 18 32 28 8 
63 28 43 42 8 29 14 112 25 24 35 19 2 114 15 5 100 99 12 11 98 75 108 30 9 52 26 102 6 68 83 82 81 4 84 59 79 105 55 93 50 104 3 33 27 103 85 1 47 62 61 60 64 109 39 58 122 90 36 74 71 31 88 0 18 13 86 65 48 41 40 120 77 95 22 38 92 116 124 20 54 51 16 69 34 87 66 44 23 113 37 56 76 10 21 73 106 121 94 32 89 49 67 45 101 111 119 123 80 53 91 115 17 70 46 97 110 118 117 72 7 78 96 107 57 
120 44 113 112 49 45 114 101 100 99 115 70 30 46 26 102 84 83 82 81 118 72 105 7 50 104 47 27 103 85 64 63 62 61 60 96 109 107 122 90 18 71 31 88 48 28 13 86 65 43 42 41 40 57 77 95 54 92 116 124 34 8 51 16 69 29 14 87 66 25 24 23 21 37 56 76 94 35 73 106 121 19 2 32 89 15 5 67 12 11 80 98 111 119 123 75 108 53 91 9 52 17 6 68 4 59 79 97 110 55 93 117 3 33 1 39 58 78 36 74 0 22 38 20 10 
23 67 11 101 17 68 46 4 84 83 117 33 7 1 47 27 60 64 63 62 78 74 107 0 18 71 65 48 28 13 40 120 43 42 41 38 57 20 54 92 69 34 8 51 66 44 29 14 87 113 112 25 24 10 21 37 121 94 35 73 89 49 19 2 32 45 114 15 5 100 99 12 123 80 98 111 91 115 75 108 53 70 30 9 52 26 102 6 82 81 110 118 59 79 97 72 105 55 93 50 104 3 103 85 61 96 109 39 58 122 90 36 31 88 86 77 95 22 116 124 16 56 76 106 119 
12 6 81 4 3 85 1 61 60 64 36 88 0 86 65 48 41 40 120 43 22 124 20 16 69 34 87 66 44 29 24 23 113 112 25 76 10 106 121 94 32 89 49 19 5 67 45 114 15 11 101 100 99 119 123 80 53 91 115 75 52 17 70 30 9 68 46 26 102 84 83 82 97 110 118 59 93 117 72 105 55 33 7 50 104 47 27 103 63 62 58 78 96 109 39 74 107 122 90 18 71 31 28 13 42 38 57 77 95 54 92 116 8 51 14 21 37 56 35 73 2 98 111 108 79 
16 106 7 89 119 107 91 2 71 70 61 57 110 108 92 72 0 52 51 50 86 101 40 79 37 96 20 93 73 122 30 34 33 32 31 46 66 42 83 113 10 58 111 77 105 94 74 53 116 104 19 18 17 14 27 45 4 24 62 100 109 80 38 97 56 90 75 54 117 88 9 8 1 5 13 26 112 64 11 41 82 95 59 21 78 124 55 35 69 3 114 48 68 87 103 99 43 84 23 76 39 98 121 36 49 102 29 47 67 81 25 63 123 22 115 85 15 28 60 12 118 65 6 120 44 
18 54 9 8 21 55 35 69 3 2 84 39 98 121 36 108 50 49 0 52 47 25 63 123 22 79 122 115 20 93 32 31 30 34 33 15 28 60 12 42 77 118 10 58 53 116 105 94 74 17 16 104 19 65 6 14 100 120 4 24 97 56 109 80 38 117 106 90 75 7 89 88 26 44 1 5 41 82 112 64 11 78 119 95 59 107 91 124 71 70 87 103 114 48 68 23 61 99 43 57 110 76 92 72 51 67 86 102 29 101 40 81 37 96 73 46 66 85 83 113 111 27 45 62 13 
104 90 89 88 95 91 124 71 70 69 99 110 76 92 72 121 52 51 50 49 102 40 81 37 96 123 93 73 122 115 34 33 32 31 30 66 85 83 113 60 58 111 77 118 94 74 53 116 105 19 18 17 16 27 45 65 24 62 100 120 80 38 97 56 109 75 54 117 106 9 8 7 5 13 26 44 64 11 41 82 112 59 21 78 119 55 35 107 3 2 48 68 87 103 114 43 84 23 61 39 98 57 36 108 0 29 47 67 86 25 63 101 22 79 20 15 28 46 12 42 10 6 14 4 1 
17 117 8 7 78 35 107 3 2 71 23 98 57 36 108 92 49 0 52 51 67 63 101 22 79 37 115 20 93 73 31 30 34 33 32 28 46 12 42 83 118 10 58 111 116 105 94 74 53 16 104 19 18 6 14 27 120 4 24 62 56 109 80 38 97 106 90 75 54 89 88 9 44 1 5 13 82 112 64 11 41 119 95 59 21 91 124 55 70 69 103 114 48 68 87 61 99 43 84 110 76 39 72 121 50 86 102 29 47 40 81 25 96 123 122 66 85 15 113 60 77 45 65 100 26 
19 75 88 9 59 124 55 70 69 3 43 76 39 72 121 36 51 50 49 0 29 81 25 96 123 22 73 122 115 20 33 32 31 30 34 85 15 113 60 12 111 77 118 10 74 53 116 105 94 18 17 16 104 45 65 6 62 100 120 4 38 97 56 109 80 54 117 106 90 8 7 89 13 26 44 1 11 41 82 112 64 21 78 119 95 35 107 91 2 71 68 87 103 114 48 84 23 61 99 98 57 110 108 92 52 47 67 86 102 63 101 40 79 37 93 28 46 66 42 83 58 14 27 24 5 
111 62 98 97 13 63 41 80 79 78 51 28 87 64 42 23 123 59 58 57 73 8 32 48 14 67 60 43 24 101 119 118 39 38 37 35 53 34 2 17 65 29 5 46 61 120 25 11 83 110 109 22 21 94 108 117 69 19 52 7 86 44 15 68 27 40 112 12 84 96 95 10 121 75 93 107 16 49 9 33 71 66 114 6 47 113 99 4 77 76 106 115 55 74 92 89 30 3 18 45 102 1 100 81 56 91 105 36 54 70 104 0 26 85 82 72 90 20 50 88 103 122 124 31 116 
39 25 109 22 15 112 12 96 95 10 9 114 6 113 99 4 78 77 76 80 55 30 3 45 102 1 23 100 81 64 58 57 56 123 59 105 36 70 104 0 67 26 85 48 24 101 82 60 43 38 37 119 118 72 90 20 17 50 88 34 5 46 103 65 29 11 83 61 120 21 111 110 117 122 124 94 52 7 31 69 19 68 27 86 44 84 62 40 98 97 93 107 116 121 75 33 71 16 49 47 13 66 63 41 79 74 92 106 115 18 51 89 28 87 42 54 73 91 8 32 14 35 53 2 108 
65 69 45 44 121 70 49 27 26 114 123 72 115 71 50 30 14 13 103 102 60 96 118 92 122 105 2 51 31 104 6 5 87 86 85 113 120 37 77 109 108 73 116 90 3 52 32 16 88 1 68 67 66 83 100 112 79 111 56 95 36 93 53 106 124 0 33 17 89 48 47 46 42 62 82 99 22 58 97 119 76 20 74 117 91 34 18 7 29 28 12 24 41 61 81 10 38 78 110 94 54 107 19 8 15 4 11 23 40 80 21 57 75 35 9 64 84 101 59 98 55 43 63 39 25 
13 51 5 87 73 52 32 1 68 67 111 93 53 0 33 17 44 48 47 46 62 58 97 20 74 117 49 34 18 7 26 114 29 28 27 24 41 10 38 78 115 94 54 107 50 30 19 8 71 103 102 15 14 4 11 23 118 80 21 57 122 105 75 35 92 31 104 9 2 86 85 6 120 64 84 101 77 109 59 98 37 116 90 55 108 16 88 3 66 65 100 112 43 63 83 56 95 39 79 106 124 36 89 69 45 82 99 25 42 119 76 22 91 121 70 61 81 12 110 123 72 40 60 96 113 
48 34 114 29 94 30 19 103 102 15 80 105 75 31 104 9 87 86 85 6 64 109 59 116 90 55 32 16 88 3 68 67 66 65 1 112 43 56 95 39 53 106 124 36 33 17 89 69 0 47 46 45 44 82 99 25 97 119 76 22 74 117 91 121 20 18 7 70 49 28 27 26 41 61 81 12 38 78 110 123 10 54 107 72 115 8 71 50 14 13 11 23 40 60 4 21 57 96 118 35 92 122 2 51 5 84 101 113 120 98 37 77 108 73 52 63 83 100 79 111 93 42 62 58 24 
54 21 36 35 84 22 98 105 20 108 47 12 63 109 10 79 91 90 94 93 18 6 28 112 4 42 110 95 80 58 73 72 124 75 74 3 8 114 1 14 40 99 64 24 111 96 76 59 38 53 122 121 55 30 0 2 66 102 48 5 62 113 81 43 11 97 77 123 39 117 116 115 89 104 34 52 13 45 85 29 68 41 100 60 25 78 56 118 107 106 51 70 88 19 33 87 26 65 15 23 82 120 57 119 92 32 50 69 9 67 103 44 101 61 37 17 31 49 46 86 83 7 16 27 71 
105 109 91 90 112 110 95 73 72 124 114 40 99 111 96 76 54 53 122 121 30 66 102 62 113 81 21 97 77 123 36 35 117 116 115 89 104 13 45 85 84 41 100 60 22 98 78 56 118 20 108 107 106 51 70 88 47 87 26 65 12 63 23 82 120 10 79 57 119 94 93 92 18 32 50 69 6 28 67 103 44 4 42 101 61 80 58 37 75 74 3 8 17 31 49 1 14 46 86 64 24 83 59 38 55 0 2 7 16 48 5 27 43 11 39 34 52 71 29 68 25 19 33 15 9 
73 111 54 53 62 21 97 36 35 117 13 84 41 22 98 78 105 20 108 107 51 47 87 12 63 23 109 10 79 57 91 90 94 93 92 18 32 6 28 67 112 4 42 101 110 95 80 58 37 72 124 75 74 3 8 17 114 1 14 46 40 99 64 24 83 96 76 59 38 122 121 55 30 0 2 7 66 102 48 5 27 113 81 43 11 77 123 39 116 115 89 104 34 52 71 45 85 29 68 100 60 25 56 118 106 70 88 19 33 26 65 15 82 120 119 50 69 9 103 44 61 31 49 86 16 
36 22 105 20 12 109 10 91 90 94 6 112 4 110 95 80 73 72 124 75 3 114 1 40 99 64 111 96 76 59 54 53 122 121 55 30 0 66 102 48 62 113 81 43 21 97 77 123 39 35 117 116 115 89 104 34 13 45 85 29 84 41 100 60 25 98 78 56 118 108 107 106 51 70 88 19 47 87 26 65 15 63 23 82 120 79 57 119 93 92 18 32 50 69 9 28 67 103 44 42 101 61 58 37 74 8 17 31 49 14 46 86 24 83 38 2 7 16 5 27 11 52 71 68 33 
113 45 101 100 70 46 26 84 83 82 72 7 50 47 27 103 64 63 62 61 96 107 122 18 71 31 48 28 13 86 120 43 42 41 40 57 77 54 92 116 34 8 51 16 44 29 14 87 66 112 25 24 23 21 37 56 94 35 73 106 49 19 2 32 89 114 15 5 67 99 12 11 80 98 111 119 115 75 108 53 91 30 9 52 17 102 6 68 81 4 118 59 79 97 110 105 55 93 117 104 3 33 85 1 60 109 39 58 78 90 36 74 88 0 65 95 22 38 124 20 69 76 10 121 123 
11 68 4 84 33 1 47 60 64 63 74 0 18 65 48 28 40 120 43 42 38 20 54 69 34 8 66 44 29 14 23 113 112 25 24 10 21 121 94 35 89 49 19 2 67 45 114 15 5 101 100 99 12 123 80 98 91 115 75 108 17 70 30 9 52 46 26 102 6 83 82 81 110 118 59 79 117 72 105 55 93 7 50 104 3 27 103 85 62 61 78 96 109 39 58 107 122 90 36 71 31 88 13 86 41 57 77 95 22 92 116 124 51 16 87 37 56 76 73 106 32 111 119 53 97 
81 85 61 60 88 86 65 41 40 120 124 16 69 87 66 44 24 23 113 112 76 106 121 32 89 49 5 67 45 114 12 11 101 100 99 119 123 53 91 115 52 17 70 30 6 68 46 26 102 4 84 83 82 97 110 118 93 117 72 105 3 33 7 50 104 1 47 27 103 64 63 62 58 78 96 109 36 74 107 122 90 0 18 71 31 48 28 13 43 42 22 38 57 77 95 20 54 92 116 34 8 51 29 14 25 10 21 37 56 94 35 73 19 2 15 80 98 111 75 108 9 59 79 55 39 
62 13 42 41 51 14 87 25 24 23 73 2 32 15 5 67 99 12 11 101 111 108 53 9 52 17 102 6 68 46 82 81 4 84 83 79 97 55 93 117 104 3 33 7 103 85 1 47 27 61 60 64 63 39 58 78 90 36 74 107 31 88 0 18 71 86 65 48 28 40 120 43 95 22 38 57 116 124 20 54 92 16 69 34 8 66 44 29 113 112 56 76 10 21 37 106 121 94 35 89 49 19 45 114 100 119 123 80 98 91 115 75 70 30 26 110 118 59 72 105 50 96 109 122 77 
43 29 112 25 19 114 15 100 99 12 75 30 9 26 102 6 83 82 81 4 59 105 55 50 104 3 27 103 85 1 63 62 61 60 64 109 39 122 90 36 71 31 88 0 28 13 86 65 48 42 41 40 120 77 95 22 92 116 124 20 8 51 16 69 34 14 87 66 44 24 23 113 37 56 76 10 35 73 106 121 94 2 32 89 49 5 67 45 11 101 98 111 119 123 80 108 53 91 115 52 17 70 68 46 84 79 97 110 118 93 117 72 33 7 47 58 78 96 74 107 18 38 57 54 21 
50 122 32 31 77 53 116 18 17 16 100 97 56 54 117 106 9 8 7 89 26 41 82 21 78 119 55 35 107 91 69 3 2 71 70 87 103 84 23 61 39 98 57 110 121 36 108 92 72 49 0 52 51 47 67 86 25 63 101 40 123 22 79 37 96 115 20 93 73 30 34 33 15 28 46 66 60 12 42 83 113 118 10 58 111 105 94 74 104 19 65 6 14 27 45 120 4 24 62 109 80 38 90 75 88 44 1 5 13 112 64 11 95 59 124 114 48 68 99 43 76 102 29 81 85 
52 93 34 33 58 94 74 104 19 18 24 80 38 90 75 54 89 88 9 8 5 64 11 95 59 21 91 124 55 35 71 70 69 3 2 48 68 99 43 84 110 76 39 98 92 72 121 36 108 51 50 49 0 102 29 47 40 81 25 63 37 96 123 22 79 73 122 115 20 32 31 30 66 85 15 28 83 113 60 12 42 111 77 118 10 53 116 105 17 16 27 45 65 6 14 62 100 120 4 97 56 109 117 106 7 13 26 44 1 41 82 112 78 119 107 87 103 114 23 61 57 67 86 101 46 
49 115 31 30 118 116 105 17 16 104 120 56 109 117 106 90 8 7 89 88 44 82 112 78 119 95 35 107 91 124 3 2 71 70 69 103 114 23 61 99 98 57 110 76 36 108 92 72 121 0 52 51 50 67 86 102 63 101 40 81 22 79 37 96 123 20 93 73 122 34 33 32 28 46 66 85 12 42 83 113 60 10 58 111 77 94 74 53 19 18 6 14 27 45 65 4 24 62 100 80 38 97 75 54 9 1 5 13 26 64 11 41 59 21 55 48 68 87 43 84 39 29 47 25 15 
51 73 33 32 111 74 53 19 18 17 62 38 97 75 54 117 88 9 8 7 13 11 41 59 21 78 124 55 35 107 70 69 3 2 71 68 87 43 84 23 76 39 98 57 72 121 36 108 92 50 49 0 52 29 47 67 81 25 63 101 96 123 22 79 37 122 115 20 93 31 30 34 85 15 28 46 113 60 12 42 83 77 118 10 58 116 105 94 16 104 45 65 6 14 27 100 120 4 24 56 109 80 106 90 89 26 44 1 5 82 112 64 119 95 91 103 114 48 61 99 110 86 102 40 66 
118 120 110 109 44 40 112 97 96 95 49 66 114 41 113 99 79 78 77 76 115 89 30 87 45 102 42 23 100 81 59 58 57 56 123 91 105 32 70 104 14 67 26 85 43 24 101 82 60 39 38 37 119 53 72 90 2 17 50 88 29 5 46 103 65 25 11 83 61 22 21 111 108 117 122 124 19 52 7 31 69 15 68 27 86 12 84 62 10 98 75 93 107 116 121 9 33 71 16 6 47 13 4 63 80 55 74 92 106 3 18 51 1 28 64 36 54 73 0 8 48 20 35 34 94 
57 101 38 37 46 11 83 22 21 111 7 68 27 12 84 62 95 10 98 97 107 33 71 6 47 13 99 4 63 41 77 76 80 79 78 74 92 3 18 51 102 1 28 87 100 81 64 42 23 56 123 59 58 36 54 73 104 0 8 32 26 85 48 14 67 82 60 43 24 119 118 39 90 20 35 53 50 88 34 2 17 103 65 29 5 61 120 25 110 109 122 124 94 108 117 31 69 19 52 86 44 15 40 112 96 116 121 75 93 16 49 9 66 114 113 106 115 55 89 30 45 91 105 70 72 
80 64 123 59 48 60 43 119 118 39 34 65 29 61 120 25 111 110 109 22 94 69 19 86 44 15 62 40 112 12 98 97 96 95 10 121 75 16 49 9 13 66 114 6 63 41 113 99 4 79 78 77 76 106 115 55 51 89 30 3 28 87 45 102 1 42 23 100 81 58 57 56 73 91 105 36 8 32 70 104 0 14 67 26 85 24 101 82 38 37 35 53 72 90 20 2 17 50 88 5 46 103 11 83 21 108 117 122 124 52 7 31 68 27 84 93 107 116 33 71 47 74 92 18 54 
68 33 48 47 74 34 18 114 29 28 38 94 54 30 19 8 103 102 15 14 11 80 21 105 75 35 31 104 9 2 87 86 85 6 5 64 84 109 59 98 116 90 55 108 32 16 88 3 52 67 66 65 1 112 43 63 56 95 39 79 53 106 124 36 93 17 89 69 0 46 45 44 82 99 25 42 97 119 76 22 58 117 91 121 20 7 70 49 27 26 41 61 81 12 24 78 110 123 10 107 72 115 71 50 13 23 40 60 4 57 96 118 92 122 51 101 113 120 37 77 73 83 100 111 62 
102 104 86 85 90 16 88 67 66 65 95 106 124 17 89 69 47 46 45 44 99 119 76 117 91 121 18 7 70 49 29 28 27 26 114 61 81 78 110 123 54 107 72 115 19 8 71 50 30 15 14 13 103 23 40 60 21 57 96 118 75 35 92 122 105 9 2 51 31 6 5 87 84 101 113 120 59 98 37 77 109 55 108 73 116 3 52 32 1 68 43 63 83 100 112 39 79 111 56 36 93 53 0 33 48 25 42 62 82 22 58 97 20 74 34 12 24 41 10 38 94 4 11 80 64 
46 7 28 27 107 8 71 15 14 13 57 35 92 9 2 51 85 6 5 87 101 98 37 55 108 73 88 3 52 32 66 65 1 68 67 63 83 39 79 111 124 36 93 53 89 69 0 33 17 45 44 48 47 25 42 62 76 22 58 97 91 121 20 74 117 70 49 34 18 26 114 29 81 12 24 41 110 123 10 38 78 72 115 94 54 50 30 19 103 102 40 60 4 11 23 96 118 80 21 122 105 75 31 104 86 113 120 64 84 77 109 59 116 90 16 100 112 43 56 95 106 82 99 119 61 
6 3 65 1 36 69 0 45 44 48 22 121 20 70 49 34 27 26 114 29 12 123 10 72 115 94 71 50 30 19 14 13 103 102 15 60 4 96 118 80 92 122 105 75 2 51 31 104 9 5 87 86 85 113 120 64 37 77 109 59 108 73 116 90 55 52 32 16 88 68 67 66 83 100 112 43 79 111 56 95 39 93 53 106 124 33 17 89 47 46 42 62 82 99 25 58 97 119 76 74 117 91 18 7 28 24 41 61 81 38 78 110 54 107 8 11 23 40 21 57 35 84 101 98 63 
116 56 107 106 82 57 119 93 92 91 103 101 61 58 37 110 75 74 73 72 31 46 86 24 83 40 59 38 111 96 121 55 54 53 122 7 16 5 27 66 43 11 62 113 123 39 21 97 77 115 36 35 117 52 71 89 29 68 13 45 60 25 84 41 100 118 22 98 78 105 20 108 19 33 51 70 65 15 47 87 26 120 12 63 23 109 10 79 90 94 69 9 18 32 50 44 6 28 67 112 4 42 95 80 124 49 3 8 17 114 1 14 99 64 76 30 0 2 102 48 81 104 34 85 88 
93 58 75 74 24 59 38 121 55 54 5 43 11 123 39 21 116 115 36 35 52 29 68 60 25 84 56 118 22 98 107 106 105 20 108 19 33 65 15 47 82 120 12 63 57 119 109 10 79 92 91 90 94 69 9 18 103 44 6 28 101 61 112 4 42 37 110 95 80 73 72 124 31 49 3 8 46 86 114 1 14 83 40 99 64 111 96 76 53 122 7 16 30 0 2 27 66 102 48 62 113 81 97 77 117 71 89 104 34 13 45 85 41 100 78 51 70 88 87 26 23 32 50 67 17 
121 123 116 115 60 56 118 107 106 105 65 82 120 57 119 109 93 92 91 90 69 103 44 101 61 112 58 37 110 95 75 74 73 72 124 31 49 46 86 114 24 83 40 99 59 38 111 96 76 55 54 53 122 7 16 30 5 27 66 102 43 11 62 113 81 39 21 97 77 36 35 117 52 71 89 104 29 68 13 45 85 25 84 41 100 22 98 78 20 108 19 33 51 70 88 15 47 87 26 12 63 23 10 79 94 9 18 32 50 6 28 67 4 42 80 3 8 17 1 14 64 0 2 48 34 
107 57 93 92 101 58 37 75 74 73 46 24 83 59 38 111 121 55 54 53 7 5 27 43 11 62 123 39 21 97 116 115 36 35 117 52 71 29 68 13 60 25 84 41 56 118 22 98 78 106 105 20 108 19 33 51 65 15 47 87 82 120 12 63 23 119 109 10 79 91 90 94 69 9 18 32 103 44 6 28 67 61 112 4 42 110 95 80 72 124 31 49 3 8 17 86 114 1 14 40 99 64 96 76 122 16 30 0 2 66 102 48 113 81 77 89 104 34 45 85 100 70 88 26 50 
75 59 121 55 43 123 39 116 115 36 29 60 25 56 118 22 107 106 105 20 19 65 15 82 120 12 57 119 109 10 93 92 91 90 94 69 9 103 44 6 101 61 112 4 58 37 110 95 80 74 73 72 124 31 49 3 46 86 114 1 24 83 40 99 64 38 111 96 76 54 53 122 7 16 30 0 5 27 66 102 48 11 62 113 81 21 97 77 35 117 52 71 89 104 34 68 13 45 85 84 41 100 98 78 108 33 51 70 88 47 87 26 63 23 79 18 32 50 28 67 42 8 17 14 2 
61 86 41 40 16 87 66 24 23 113 106 32 89 5 67 45 12 11 101 100 119 53 91 52 17 70 6 68 46 26 81 4 84 83 82 97 110 93 117 72 3 33 7 50 85 1 47 27 103 60 64 63 62 58 78 96 36 74 107 122 88 0 18 71 31 65 48 28 13 120 43 42 22 38 57 77 124 20 54 92 116 69 34 8 51 44 29 14 112 25 76 10 21 37 56 121 94 35 73 49 19 2 114 15 99 123 80 98 111 115 75 108 30 9 102 118 59 79 105 55 104 109 39 90 95 
42 14 25 24 2 15 5 99 12 11 108 9 52 102 6 68 82 81 4 84 79 55 93 104 3 33 103 85 1 47 62 61 60 64 63 39 58 90 36 74 31 88 0 18 13 86 65 48 28 41 40 120 43 95 22 38 116 124 20 54 51 16 69 34 8 87 66 44 29 23 113 112 56 76 10 21 73 106 121 94 35 32 89 49 19 67 45 114 101 100 111 119 123 80 98 53 91 115 75 17 70 30 46 26 83 97 110 118 59 117 72 105 7 50 27 78 96 109 107 122 71 57 77 92 37 
112 114 100 99 30 26 102 83 82 81 105 50 104 27 103 85 63 62 61 60 109 122 90 71 31 88 28 13 86 65 43 42 41 40 120 77 95 92 116 124 8 51 16 69 29 14 87 66 44 25 24 23 113 37 56 76 35 73 106 121 19 2 32 89 49 15 5 67 45 12 11 101 98 111 119 123 75 108 53 91 115 9 52 17 70 6 68 46 4 84 59 79 97 110 118 55 93 117 72 3 33 7 1 47 64 39 58 78 96 36 74 107 0 18 48 22 38 57 20 54 34 10 21 94 80 
101 46 84 83 7 47 27 64 63 62 107 18 71 48 28 13 120 43 42 41 57 54 92 34 8 51 44 29 14 87 113 112 25 24 23 21 37 94 35 73 49 19 2 32 45 114 15 5 67 100 99 12 11 80 98 111 115 75 108 53 70 30 9 52 17 26 102 6 68 82 81 4 118 59 79 97 72 105 55 93 117 50 104 3 33 103 85 1 61 60 96 109 39 58 78 122 90 36 74 31 88 0 86 65 40 77 95 22 38 116 124 20 16 69 66 56 76 10 106 121 89 119 123 91 110 
89 91 71 70 110 92 72 52 51 50 40 37 96 93 73 122 34 33 32 31 66 83 113 58 111 77 94 74 53 116 104 19 18 17 16 27 45 24 62 100 80 38 97 56 90 75 54 117 106 88 9 8 7 5 13 26 64 11 41 82 95 59 21 78 119 124 55 35 107 69 3 2 48 68 87 103 99 43 84 23 61 76 39 98 57 121 36 108 49 0 102 29 47 67 86 81 25 63 101 123 22 79 115 20 30 85 15 28 46 60 12 42 118 10 105 65 6 14 120 4 109 44 1 112 114 
8 35 3 2 98 36 108 49 0 52 63 22 79 115 20 93 31 30 34 33 28 12 42 118 10 58 116 105 94 74 17 16 104 19 18 6 14 120 4 24 56 109 80 38 117 106 90 75 54 7 89 88 9 44 1 5 82 112 64 11 78 119 95 59 21 107 91 124 55 71 70 69 103 114 48 68 23 61 99 43 84 57 110 76 39 92 72 121 51 50 67 86 102 29 47 101 40 81 25 37 96 123 73 122 32 46 66 85 15 83 113 60 111 77 53 27 45 65 62 100 97 13 26 41 87 
88 124 70 69 76 72 121 51 50 49 81 96 123 73 122 115 33 32 31 30 85 113 60 111 77 118 74 53 116 105 19 18 17 16 104 45 65 62 100 120 38 97 56 109 75 54 117 106 90 9 8 7 89 13 26 44 11 41 82 112 59 21 78 119 95 55 35 107 91 3 2 71 68 87 103 114 43 84 23 61 99 39 98 57 110 36 108 92 0 52 29 47 67 86 102 25 63 101 40 22 79 37 20 93 34 15 28 46 66 12 42 83 10 58 94 6 14 27 4 24 80 1 5 64 48 
58 24 39 38 5 25 11 109 22 21 52 15 68 112 12 84 96 95 10 98 93 9 33 114 6 47 113 99 4 63 78 77 76 80 79 55 74 30 3 18 45 102 1 28 23 100 81 64 42 57 56 123 59 105 36 54 70 104 0 8 67 26 85 48 14 101 82 60 43 37 119 118 72 90 20 35 17 50 88 34 2 46 103 65 29 83 61 120 111 110 117 122 124 94 108 7 31 69 19 27 86 44 62 40 97 107 116 121 75 71 16 49 13 66 41 92 106 115 51 89 87 73 91 32 53 
76 81 56 123 85 82 60 37 119 118 88 103 65 83 61 120 21 111 110 109 124 31 69 27 86 44 84 62 40 112 10 98 97 96 95 116 121 71 16 49 47 13 66 114 4 63 41 113 99 80 79 78 77 92 106 115 18 51 89 30 1 28 87 45 102 64 42 23 100 59 58 57 54 73 91 105 0 8 32 70 104 48 14 67 26 43 24 101 39 38 20 35 53 72 90 34 2 17 50 29 5 46 25 11 22 94 108 117 122 19 52 7 15 68 12 75 93 107 9 33 6 55 74 3 36 
97 41 79 78 87 42 23 59 58 57 32 14 67 43 24 101 118 39 38 37 53 2 17 29 5 46 120 25 11 83 110 109 22 21 111 108 117 19 52 7 44 15 68 27 40 112 12 84 62 96 95 10 98 75 93 107 49 9 33 71 66 114 6 47 13 113 99 4 63 77 76 80 115 55 74 92 89 30 3 18 51 45 102 1 28 100 81 64 56 123 91 105 36 54 73 70 104 0 8 26 85 48 82 60 119 72 90 20 35 50 88 34 103 65 61 122 124 94 31 69 86 116 121 16 106 
22 12 95 10 6 99 4 77 76 80 3 102 1 100 81 64 57 56 123 59 36 104 0 26 85 48 101 82 60 43 38 37 119 118 39 90 20 50 88 34 46 103 65 29 11 83 61 120 25 21 111 110 109 122 124 94 7 31 69 19 68 27 86 44 15 84 62 40 112 98 97 96 107 116 121 75 33 71 16 49 9 47 13 66 114 63 41 113 79 78 74 92 106 115 55 18 51 89 30 28 87 45 42 23 58 54 73 91 105 8 32 70 14 67 24 35 53 72 2 17 5 108 117 52 93 
66 89 46 45 91 7 70 28 27 26 110 107 72 8 71 50 15 14 13 103 40 57 96 35 92 122 9 2 51 31 85 6 5 87 86 101 113 98 37 77 55 108 73 116 88 3 52 32 16 65 1 68 67 63 83 100 39 79 111 56 124 36 93 53 106 69 0 33 17 44 48 47 25 42 62 82 76 22 58 97 119 121 20 74 117 49 34 18 114 29 81 12 24 41 61 123 10 38 78 115 94 54 30 19 102 60 4 11 23 118 80 21 105 75 104 120 64 84 109 59 90 112 43 95 99 
14 2 6 5 108 3 52 65 1 68 79 36 93 69 0 33 45 44 48 47 42 22 58 121 20 74 70 49 34 18 27 26 114 29 28 12 24 123 10 38 72 115 94 54 71 50 30 19 8 13 103 102 15 60 4 11 96 118 80 21 92 122 105 75 35 51 31 104 9 87 86 85 113 120 64 84 37 77 109 59 98 73 116 90 55 32 16 88 67 66 83 100 112 43 63 111 56 95 39 53 106 124 17 89 46 62 82 99 25 97 119 76 117 91 7 41 61 81 78 110 107 23 40 57 101 
44 49 26 114 115 50 30 13 103 102 118 122 105 51 31 104 5 87 86 85 120 77 109 73 116 90 52 32 16 88 1 68 67 66 65 100 112 111 56 95 93 53 106 124 0 33 17 89 69 48 47 46 45 62 82 99 58 97 119 76 20 74 117 91 121 34 18 7 70 29 28 27 24 41 61 81 10 38 78 110 123 94 54 107 72 19 8 71 15 14 4 11 23 40 60 80 21 57 96 75 35 92 9 2 6 64 84 101 113 59 98 37 55 108 3 43 63 83 39 79 36 25 42 22 12 
87 32 68 67 53 33 17 48 47 46 97 74 117 34 18 7 114 29 28 27 41 38 78 94 54 107 30 19 8 71 103 102 15 14 13 11 23 80 21 57 105 75 35 92 31 104 9 2 51 86 85 6 5 64 84 101 109 59 98 37 116 90 55 108 73 16 88 3 52 66 65 1 112 43 63 83 56 95 39 79 111 106 124 36 93 89 69 0 45 44 82 99 25 42 62 119 76 22 58 91 121 20 70 49 26 61 81 12 24 110 123 10 72 115 50 40 60 4 96 118 122 113 120 77 100 
29 19 102 15 75 104 9 86 85 6 59 90 55 16 88 3 67 66 65 1 43 95 39 106 124 36 17 89 69 0 47 46 45 44 48 99 25 119 76 22 117 91 121 20 18 7 70 49 34 28 27 26 114 61 81 12 78 110 123 10 54 107 72 115 94 8 71 50 30 14 13 103 23 40 60 4 21 57 96 118 80 35 92 122 105 2 51 31 5 87 84 101 113 120 64 98 37 77 109 108 73 116 52 32 68 63 83 100 112 79 111 56 93 53 33 42 62 82 58 97 74 24 41 38 11 
72 96 53 122 113 97 77 35 117 116 45 41 100 98 78 56 20 108 107 106 70 87 26 63 23 82 10 79 57 119 90 94 93 92 91 32 50 28 67 103 4 42 101 61 95 80 58 37 110 124 75 74 73 8 17 31 1 14 46 86 99 64 24 83 40 76 59 38 111 121 55 54 0 2 7 16 102 48 5 27 66 81 43 11 62 123 39 21 115 36 104 34 52 71 89 85 29 68 13 60 25 84 118 22 105 88 19 33 51 65 15 47 120 12 109 69 9 18 44 6 112 49 3 114 30 
35 98 20 108 63 10 79 90 94 93 28 4 42 95 80 58 72 124 75 74 8 1 14 99 64 24 96 76 59 38 53 122 121 55 54 0 2 102 48 5 113 81 43 11 97 77 123 39 21 117 116 115 36 104 34 52 45 85 29 68 41 100 60 25 84 78 56 118 22 107 106 105 70 88 19 33 87 26 65 15 47 23 82 120 12 57 119 109 92 91 32 50 69 9 18 67 103 44 6 101 61 112 37 110 73 17 31 49 3 46 86 114 83 40 111 7 16 30 27 66 62 71 89 13 51 
90 95 72 124 99 96 76 53 122 121 102 113 81 97 77 123 35 117 116 115 104 45 85 41 100 60 98 78 56 118 20 108 107 106 105 70 88 87 26 65 63 23 82 120 10 79 57 119 109 94 93 92 91 32 50 69 28 67 103 44 4 42 101 61 112 80 58 37 110 75 74 73 8 17 31 49 1 14 46 86 114 64 24 83 40 59 38 111 55 54 0 2 7 16 30 48 5 27 66 43 11 62 39 21 36 34 52 71 89 29 68 13 25 84 22 19 33 51 15 47 12 9 18 6 3 
53 97 35 117 41 98 78 20 108 107 87 63 23 10 79 57 90 94 93 92 32 28 67 4 42 101 95 80 58 37 72 124 75 74 73 8 17 1 14 46 99 64 24 83 96 76 59 38 111 122 121 55 54 0 2 7 102 48 5 27 113 81 43 11 62 77 123 39 21 116 115 36 104 34 52 71 45 85 29 68 13 100 60 25 84 56 118 22 106 105 70 88 19 33 51 26 65 15 47 82 120 12 119 109 91 50 69 9 18 103 44 6 61 112 110 31 49 3 86 114 40 16 30 66 89 
100 26 83 82 50 27 103 63 62 61 122 71 31 28 13 86 43 42 41 40 77 92 116 8 51 16 29 14 87 66 112 25 24 23 113 37 56 35 73 106 19 2 32 89 114 15 5 67 45 99 12 11 101 98 111 119 75 108 53 91 30 9 52 17 70 102 6 68 46 81 4 84 59 79 97 110 105 55 93 117 72 104 3 33 7 85 1 47 60 64 109 39 58 78 96 90 36 74 107 88 0 18 65 48 120 95 22 38 57 124 20 54 69 34 44 76 10 21 121 94 49 123 80 115 118 
84 47 64 63 18 48 28 120 43 42 54 34 8 44 29 14 113 112 25 24 21 94 35 49 19 2 45 114 15 5 101 100 99 12 11 80 98 115 75 108 70 30 9 52 46 26 102 6 68 83 82 81 4 118 59 79 72 105 55 93 7 50 104 3 33 27 103 85 1 62 61 60 96 109 39 58 107 122 90 36 74 71 31 88 0 13 86 65 41 40 57 77 95 22 38 92 116 124 20 51 16 69 87 66 23 37 56 76 10 73 106 121 32 89 67 111 119 123 53 91 17 97 110 117 78 
60 65 40 120 69 66 44 23 113 112 121 89 49 67 45 114 11 101 100 99 123 91 115 17 70 30 68 46 26 102 4 84 83 82 81 110 118 117 72 105 33 7 50 104 1 47 27 103 85 64 63 62 61 78 96 109 74 107 122 90 0 18 71 31 88 48 28 13 86 43 42 41 38 57 77 95 20 54 92 116 124 34 8 51 16 29 14 87 25 24 10 21 37 56 76 94 35 73 106 19 2 32 15 5 12 80 98 111 119 75 108 53 9 52 6 59 79 97 55 93 3 39 58 36 22 
31 116 17 16 56 117 106 8 7 89 82 78 119 35 107 91 3 2 71 70 103 23 61 98 57 110 36 108 92 72 49 0 52 51 50 67 86 63 101 40 22 79 37 96 115 20 93 73 122 30 34 33 32 28 46 66 12 42 83 113 118 10 58 111 77 105 94 74 53 104 19 18 6 14 27 45 120 4 24 62 100 109 80 38 97 90 75 54 88 9 44 1 5 13 26 112 64 11 41 95 59 21 124 55 69 114 48 68 87 99 43 84 76 39 121 102 29 47 81 25 123 85 15 60 65 
33 74 19 18 38 75 54 88 9 8 11 59 21 124 55 35 70 69 3 2 68 43 84 76 39 98 72 121 36 108 51 50 49 0 52 29 47 81 25 63 96 123 22 79 73 122 115 20 93 32 31 30 34 85 15 28 113 60 12 42 111 77 118 10 58 53 116 105 94 17 16 104 45 65 6 14 62 100 120 4 24 97 56 109 80 117 106 90 7 89 13 26 44 1 5 41 82 112 64 78 119 95 107 91 71 87 103 114 48 23 61 99 57 110 92 67 86 102 101 40 37 46 66 83 27 
77 100 57 56 26 101 82 38 37 119 50 46 103 11 83 61 22 21 111 110 122 7 31 68 27 86 12 84 62 40 95 10 98 97 96 107 116 33 71 16 6 47 13 66 99 4 63 41 113 76 80 79 78 74 92 106 3 18 51 89 102 1 28 87 45 81 64 42 23 123 59 58 36 54 73 91 104 0 8 32 70 85 48 14 67 60 43 24 118 39 90 20 35 53 72 88 34 2 17 65 29 5 120 25 109 124 94 108 117 69 19 52 44 15 112 121 75 93 49 9 114 115 55 30 105 
98 63 80 79 28 64 42 123 59 58 8 48 14 60 43 24 119 118 39 38 35 34 2 65 29 5 61 120 25 11 111 110 109 22 21 94 108 69 19 52 86 44 15 68 62 40 112 12 84 97 96 95 10 121 75 93 16 49 9 33 13 66 114 6 47 41 113 99 4 78 77 76 106 115 55 74 51 89 30 3 18 87 45 102 1 23 100 81 57 56 73 91 105 36 54 32 70 104 0 67 26 85 101 82 37 53 72 90 20 17 50 88 46 103 83 117 122 124 7 31 27 107 116 71 92 
109 112 96 95 114 113 99 78 77 76 30 45 102 23 100 81 58 57 56 123 105 70 104 67 26 85 24 101 82 60 39 38 37 119 118 72 90 17 50 88 5 46 103 65 25 11 83 61 120 22 21 111 110 117 122 124 52 7 31 69 15 68 27 86 44 12 84 62 40 10 98 97 93 107 116 121 9 33 71 16 49 6 47 13 66 4 63 41 80 79 55 74 92 106 115 3 18 51 89 1 28 87 64 42 59 36 54 73 91 0 8 32 48 14 43 20 35 53 34 2 29 94 108 19 75 
37 83 21 111 27 84 62 10 98 97 71 47 13 4 63 41 76 80 79 78 92 18 51 1 28 87 81 64 42 23 56 123 59 58 57 54 73 0 8 32 85 48 14 67 82 60 43 24 101 119 118 39 38 20 35 53 88 34 2 17 103 65 29 5 46 61 120 25 11 110 109 22 124 94 108 117 31 69 19 52 7 86 44 15 68 40 112 12 96 95 116 121 75 93 107 16 49 9 33 66 114 6 113 99 77 106 115 55 74 89 30 3 45 102 100 91 105 36 70 104 26 72 90 50 122 
59 43 118 39 29 120 25 110 109 22 19 44 15 40 112 12 97 96 95 10 75 49 9 66 114 6 41 113 99 4 79 78 77 76 80 115 55 89 30 3 87 45 102 1 42 23 100 81 64 58 57 56 123 91 105 36 32 70 104 0 14 67 26 85 48 24 101 82 60 38 37 119 53 72 90 20 2 17 50 88 34 5 46 103 65 11 83 61 21 111 108 117 122 124 94 52 7 31 69 68 27 86 84 62 98 93 107 116 121 33 71 16 47 13 63 74 92 106 18 51 28 54 73 8 35 
103 31 87 86 116 32 16 68 67 66 56 53 106 33 17 89 48 47 46 45 82 97 119 74 117 91 34 18 7 70 114 29 28 27 26 41 61 38 78 110 94 54 107 72 30 19 8 71 50 102 15 14 13 11 23 40 80 21 57 96 105 75 35 92 122 104 9 2 51 85 6 5 64 84 101 113 109 59 98 37 77 90 55 108 73 88 3 52 65 1 112 43 63 83 100 95 39 79 111 124 36 93 69 0 44 99 25 42 62 76 22 58 121 20 49 81 12 24 123 10 115 60 4 118 120 
47 18 29 28 54 19 8 102 15 14 21 75 35 104 9 2 86 85 6 5 84 59 98 90 55 108 16 88 3 52 67 66 65 1 68 43 63 95 39 79 106 124 36 93 17 89 69 0 33 46 45 44 48 99 25 42 119 76 22 58 117 91 121 20 74 7 70 49 34 27 26 114 61 81 12 24 78 110 123 10 38 107 72 115 94 71 50 30 13 103 23 40 60 4 11 57 96 118 80 92 122 105 51 31 87 101 113 120 64 37 77 109 73 116 32 83 100 112 111 56 53 62 82 97 41 
85 88 66 65 124 89 69 46 45 44 76 91 121 7 70 49 28 27 26 114 81 110 123 107 72 115 8 71 50 30 15 14 13 103 102 40 60 57 96 118 35 92 122 105 9 2 51 31 104 6 5 87 86 101 113 120 98 37 77 109 55 108 73 116 90 3 52 32 16 1 68 67 63 83 100 112 39 79 111 56 95 36 93 53 106 0 33 17 48 47 25 42 62 82 99 22 58 97 119 20 74 117 34 18 29 12 24 41 61 10 38 78 94 54 19 4 11 23 80 21 75 64 84 59 43 
27 71 14 13 92 2 51 6 5 87 37 108 73 3 52 32 65 1 68 67 83 79 111 36 93 53 69 0 33 17 45 44 48 47 46 42 62 22 58 97 121 20 74 117 70 49 34 18 7 26 114 29 28 12 24 41 123 10 38 78 72 115 94 54 107 50 30 19 8 103 102 15 60 4 11 23 96 118 80 21 57 122 105 75 35 31 104 9 86 85 113 120 64 84 101 77 109 59 98 116 90 55 16 88 66 100 112 43 63 56 95 39 106 124 89 82 99 25 119 76 91 61 81 110 40 
106 119 92 91 61 37 110 74 73 72 86 83 40 38 111 96 55 54 53 122 16 27 66 11 62 113 39 21 97 77 115 36 35 117 116 71 89 68 13 45 25 84 41 100 118 22 98 78 56 105 20 108 107 33 51 70 15 47 87 26 120 12 63 23 82 109 10 79 57 90 94 93 9 18 32 50 44 6 28 67 103 112 4 42 101 95 80 58 124 75 49 3 8 17 31 114 1 14 46 99 64 24 76 59 121 30 0 2 7 102 48 5 81 43 123 104 34 52 85 29 60 88 19 65 69 
74 38 55 54 11 39 21 115 36 35 68 25 84 118 22 98 106 105 20 108 33 15 47 120 12 63 119 109 10 79 92 91 90 94 93 9 18 44 6 28 61 112 4 42 37 110 95 80 58 73 72 124 75 49 3 8 86 114 1 14 83 40 99 64 24 111 96 76 59 53 122 121 16 30 0 2 27 66 102 48 5 62 113 81 43 97 77 123 117 116 71 89 104 34 52 13 45 85 29 41 100 60 78 56 107 51 70 88 19 87 26 65 23 82 57 32 50 69 67 103 101 17 31 46 7 
115 118 106 105 120 119 109 92 91 90 44 61 112 37 110 95 74 73 72 124 49 86 114 83 40 99 38 111 96 76 55 54 53 122 121 16 30 27 66 102 11 62 113 81 39 21 97 77 123 36 35 117 116 71 89 104 68 13 45 85 25 84 41 100 60 22 98 78 56 20 108 107 33 51 70 88 15 47 87 26 65 12 63 23 82 10 79 57 94 93 9 18 32 50 69 6 28 67 103 4 42 101 80 58 75 3 8 17 31 1 14 46 64 24 59 0 2 7 48 5 43 34 52 29 19 
40 66 23 113 89 67 45 11 101 100 91 17 70 68 46 26 4 84 83 82 110 117 72 33 7 50 1 47 27 103 60 64 63 62 61 78 96 74 107 122 0 18 71 31 65 48 28 13 86 120 43 42 41 38 57 77 20 54 92 116 69 34 8 51 16 44 29 14 87 112 25 24 10 21 37 56 121 94 35 73 106 49 19 2 32 114 15 5 99 12 123 80 98 111 119 115 75 108 53 30 9 52 102 6 81 118 59 79 97 105 55 93 104 3 85 109 39 58 90 36 88 95 22 124 76 
24 5 12 11 52 6 68 81 4 84 93 3 33 85 1 47 61 60 64 63 58 36 74 88 0 18 86 65 48 28 41 40 120 43 42 22 38 124 20 54 16 69 34 8 87 66 44 29 14 23 113 112 25 76 10 21 106 121 94 35 32 89 49 19 2 67 45 114 15 101 100 99 119 123 80 98 53 91 115 75 108 17 70 30 9 46 26 102 83 82 97 110 118 59 79 117 72 105 55 7 50 104 27 103 62 78 96 109 39 107 122 90 71 31 13 57 77 95 92 116 51 37 56 73 111 
70 72 51 50 96 73 122 33 32 31 113 111 77 74 53 116 19 18 17 16 45 62 100 38 97 56 75 54 117 106 88 9 8 7 89 13 26 11 41 82 59 21 78 119 124 55 35 107 91 69 3 2 71 68 87 103 43 84 23 61 76 39 98 57 110 121 36 108 92 49 0 52 29 47 67 86 81 25 63 101 40 123 22 79 37 115 20 93 30 34 85 15 28 46 66 60 12 42 83 118 10 58 105 94 104 65 6 14 27 120 4 24 109 80 90 44 1 5 112 64 95 114 48 99 102 
110 40 97 96 66 41 113 79 78 77 89 87 45 42 23 100 59 58 57 56 91 32 70 14 67 26 43 24 101 82 118 39 38 37 119 53 72 2 17 50 29 5 46 103 120 25 11 83 61 109 22 21 111 108 117 122 19 52 7 31 44 15 68 27 86 112 12 84 62 95 10 98 75 93 107 116 49 9 33 71 16 114 6 47 13 99 4 63 76 80 115 55 74 92 106 30 3 18 51 102 1 28 81 64 123 105 36 54 73 104 0 8 85 48 60 90 20 35 88 34 65 124 94 69 121 
38 11 22 21 68 12 84 95 10 98 33 6 47 99 4 63 77 76 80 79 74 3 18 102 1 28 100 81 64 42 57 56 123 59 58 36 54 104 0 8 26 85 48 14 101 82 60 43 24 37 119 118 39 90 20 35 50 88 34 2 46 103 65 29 5 83 61 120 25 111 110 109 122 124 94 108 7 31 69 19 52 27 86 44 15 62 40 112 97 96 107 116 121 75 93 71 16 49 9 13 66 114 41 113 78 92 106 115 55 51 89 30 87 45 23 73 91 105 32 70 67 53 72 17 117 
123 60 119 118 65 61 120 111 110 109 69 86 44 62 40 112 98 97 96 95 121 16 49 13 66 114 63 41 113 99 80 79 78 77 76 106 115 51 89 30 28 87 45 102 64 42 23 100 81 59 58 57 56 73 91 105 8 32 70 104 48 14 67 26 85 43 24 101 82 39 38 37 35 53 72 90 34 2 17 50 88 29 5 46 103 25 11 83 22 21 94 108 117 122 124 19 52 7 31 15 68 27 12 84 10 75 93 107 116 9 33 71 6 47 4 55 74 92 3 18 1 36 54 0 20 
78 23 58 57 67 24 101 39 38 37 17 5 46 25 11 83 109 22 21 111 117 52 7 15 68 27 112 12 84 62 96 95 10 98 97 93 107 9 33 71 114 6 47 13 113 99 4 63 41 77 76 80 79 55 74 92 30 3 18 51 45 102 1 28 87 100 81 64 42 56 123 59 105 36 54 73 70 104 0 8 32 26 85 48 14 82 60 43 119 118 72 90 20 35 53 50 88 34 2 103 65 29 61 120 110 122 124 94 108 31 69 19 86 44 40 116 121 75 16 49 66 106 115 89 91 
45 70 27 26 72 71 50 14 13 103 96 92 122 2 51 31 6 5 87 86 113 37 77 108 73 116 3 52 32 16 65 1 68 67 66 83 100 79 111 56 36 93 53 106 69 0 33 17 89 44 48 47 46 42 62 82 22 58 97 119 121 20 74 117 91 49 34 18 7 114 29 28 12 24 41 61 123 10 38 78 110 115 94 54 107 30 19 8 102 15 60 4 11 23 40 118 80 21 57 105 75 35 104 9 85 120 64 84 101 109 59 98 90 55 88 112 43 63 95 39 124 99 25 76 81 
5 52 1 68 93 0 33 44 48 47 58 20 74 49 34 18 26 114 29 28 24 10 38 115 94 54 50 30 19 8 13 103 102 15 14 4 11 118 80 21 122 105 75 35 51 31 104 9 2 87 86 85 6 120 64 84 77 109 59 98 73 116 90 55 108 32 16 88 3 67 66 65 100 112 43 63 111 56 95 39 79 53 106 124 36 17 89 69 46 45 62 82 99 25 42 97 119 76 22 117 91 121 7 70 27 41 61 81 12 78 110 123 107 72 71 23 40 60 57 96 92 101 113 37 83 
114 30 103 102 105 31 104 87 86 85 109 116 90 32 16 88 68 67 66 65 112 56 95 53 106 124 33 17 89 69 48 47 46 45 44 82 99 97 119 76 74 117 91 121 34 18 7 70 49 29 28 27 26 41 61 81 38 78 110 123 94 54 107 72 115 19 8 71 50 15 14 13 11 23 40 60 80 21 57 96 118 75 35 92 122 9 2 51 6 5 64 84 101 113 120 59 98 37 77 55 108 73 3 52 1 43 63 83 100 39 79 111 36 93 0 25 42 62 22 58 20 12 24 10 4 
122 77 117 116 100 78 56 108 107 106 26 23 82 79 57 119 94 93 92 91 50 67 103 42 101 61 80 58 37 110 124 75 74 73 72 17 31 14 46 86 64 24 83 40 76 59 38 111 96 121 55 54 53 2 7 16 48 5 27 66 81 43 11 62 113 123 39 21 97 115 36 35 34 52 71 89 85 29 68 13 45 60 25 84 41 118 22 98 105 20 88 19 33 51 70 65 15 47 87 120 12 63 109 10 90 69 9 18 32 44 6 28 112 4 95 49 3 8 114 1 99 30 0 102 104 
108 79 94 93 42 80 58 124 75 74 14 64 24 76 59 38 122 121 55 54 2 48 5 81 43 11 77 123 39 21 117 116 115 36 35 34 52 85 29 68 100 60 25 84 78 56 118 22 98 107 106 105 20 88 19 33 26 65 15 47 23 82 120 12 63 57 119 109 10 92 91 90 50 69 9 18 67 103 44 6 28 101 61 112 4 37 110 95 73 72 17 31 49 3 8 46 86 114 1 83 40 99 111 96 53 7 16 30 0 27 66 102 62 113 97 71 89 104 13 45 41 51 70 87 32 
82 103 62 61 31 13 86 42 41 40 116 51 16 14 87 66 25 24 23 113 56 73 106 2 32 89 15 5 67 45 99 12 11 101 100 111 119 108 53 91 9 52 17 70 102 6 68 46 26 81 4 84 83 79 97 110 55 93 117 72 104 3 33 7 50 85 1 47 27 60 64 63 39 58 78 96 90 36 74 107 122 88 0 18 71 65 48 28 120 43 95 22 38 57 77 124 20 54 92 69 34 8 44 29 112 76 10 21 37 121 94 35 49 19 114 123 80 98 115 75 30 118 59 105 109 
56 82 37 119 103 83 61 21 111 110 31 27 86 84 62 40 10 98 97 96 116 71 16 47 13 66 4 63 41 113 76 80 79 78 77 92 106 18 51 89 1 28 87 45 81 64 42 23 100 123 59 58 57 54 73 91 0 8 32 70 85 48 14 67 26 60 43 24 101 118 39 38 20 35 53 72 88 34 2 17 50 65 29 5 46 120 25 11 109 22 124 94 108 117 122 69 19 52 7 44 15 68 112 12 95 121 75 93 107 49 9 33 114 6 99 115 55 74 30 3 102 105 36 104 90 
79 42 59 58 14 43 24 118 39 38 2 29 5 120 25 11 110 109 22 21 108 19 52 44 15 68 40 112 12 84 97 96 95 10 98 75 93 49 9 33 66 114 6 47 41 113 99 4 63 78 77 76 80 115 55 74 89 30 3 18 87 45 102 1 28 23 100 81 64 57 56 123 91 105 36 54 32 70 104 0 8 67 26 85 48 101 82 60 37 119 53 72 90 20 35 17 50 88 34 46 103 65 83 61 111 117 122 124 94 7 31 69 27 86 62 107 116 121 71 16 13 92 106 51 73 
95 99 77 76 102 100 81 57 56 123 104 26 85 101 82 60 38 37 119 118 90 50 88 46 103 65 11 83 61 120 22 21 111 110 109 122 124 7 31 69 68 27 86 44 12 84 62 40 112 10 98 97 96 107 116 121 33 71 16 49 6 47 13 66 114 4 63 41 113 80 79 78 74 92 106 115 3 18 51 89 30 1 28 87 45 64 42 23 59 58 36 54 73 91 105 0 8 32 70 48 14 67 43 24 39 20 35 53 72 34 2 17 29 5 25 94 108 117 19 52 15 75 93 9 55 
86 16 67 66 106 17 89 47 46 45 119 117 91 18 7 70 29 28 27 26 61 78 110 54 107 72 19 8 71 50 102 15 14 13 103 23 40 21 57 96 75 35 92 122 104 9 2 51 31 85 6 5 87 84 101 113 59 98 37 77 90 55 108 73 116 88 3 52 32 65 1 68 43 63 83 100 95 39 79 111 56 124 36 93 53 69 0 33 44 48 99 25 42 62 82 76 22 58 97 121 20 74 49 34 114 81 12 24 41 123 10 38 115 94 30 60 4 11 118 80 105 120 64 109 112 
28 8 15 14 35 9 2 85 6 5 98 55 108 88 3 52 66 65 1 68 63 39 79 124 36 93 89 69 0 33 46 45 44 48 47 25 42 76 22 58 91 121 20 74 7 70 49 34 18 27 26 114 29 81 12 24 110 123 10 38 107 72 115 94 54 71 50 30 19 13 103 102 40 60 4 11 57 96 118 80 21 92 122 105 75 51 31 104 87 86 101 113 120 64 84 37 77 109 59 73 116 90 32 16 67 83 100 112 43 111 56 95 53 106 17 62 82 99 97 119 117 41 61 78 23 
91 110 73 72 40 111 96 54 53 122 66 62 113 21 97 77 36 35 117 116 89 13 45 84 41 100 22 98 78 56 105 20 108 107 106 51 70 47 87 26 12 63 23 82 109 10 79 57 119 90 94 93 92 18 32 50 6 28 67 103 112 4 42 101 61 95 80 58 37 124 75 74 3 8 17 31 114 1 14 46 86 99 64 24 83 76 59 38 121 55 30 0 2 7 16 102 48 5 27 81 43 11 123 39 115 104 34 52 71 85 29 68 60 25 118 88 19 33 65 15 120 69 9 44 49 
96 113 78 77 45 23 100 58 57 56 70 67 26 24 101 82 39 38 37 119 72 17 50 5 46 103 25 11 83 61 109 22 21 111 110 117 122 52 7 31 15 68 27 86 112 12 84 62 40 95 10 98 97 93 107 116 9 33 71 16 114 6 47 13 66 99 4 63 41 76 80 79 55 74 92 106 30 3 18 51 89 102 1 28 87 81 64 42 123 59 105 36 54 73 91 104 0 8 32 85 48 14 60 43 118 90 20 35 53 88 34 2 65 29 120 124 94 108 69 19 44 121 75 49 115 
21 84 10 98 47 4 63 76 80 79 18 1 28 81 64 42 56 123 59 58 54 0 8 85 48 14 82 60 43 24 37 119 118 39 38 20 35 88 34 2 103 65 29 5 83 61 120 25 11 111 110 109 22 124 94 108 31 69 19 52 27 86 44 15 68 62 40 112 12 97 96 95 116 121 75 93 71 16 49 9 33 13 66 114 6 41 113 99 78 77 92 106 115 55 74 51 89 30 3 87 45 102 23 100 57 73 91 105 36 32 70 104 67 26 101 53 72 90 17 50 46 117 122 7 107 
26 50 13 103 122 51 31 5 87 86 77 73 116 52 32 16 1 68 67 66 100 111 56 93 53 106 0 33 17 89 44 48 47 46 45 62 82 58 97 119 20 74 117 91 49 34 18 7 70 114 29 28 27 24 41 61 10 38 78 110 115 94 54 107 72 30 19 8 71 102 15 14 4 11 23 40 118 80 21 57 96 105 75 35 92 104 9 2 85 6 120 64 84 101 113 109 59 98 37 90 55 108 88 3 65 112 43 63 83 95 39 79 124 36 69 99 25 42 76 22 121 81 12 123 60 
119 61 111 110 86 62 40 98 97 96 16 13 66 63 41 113 80 79 78 77 106 51 89 28 87 45 64 42 23 100 123 59 58 57 56 73 91 8 32 70 48 14 67 26 60 43 24 101 82 118 39 38 37 35 53 72 34 2 17 50 65 29 5 46 103 120 25 11 83 109 22 21 94 108 117 122 69 19 52 7 31 44 15 68 27 112 12 84 95 10 121 75 93 107 116 49 9 33 71 114 6 47 99 4 76 115 55 74 92 30 3 18 102 1 81 105 36 54 104 0 85 90 20 88 124 
